,dst_dst,dst_dst_delta_1h,dst_dst_delta_3h,dst_dst_delta_6h,dst_dst_negative_flag,dst_dst_recovery_flag,dst_dst_min_6h,dst_dst_mean_6h,dst_dst_slope_6h,dst_dst_neg_frac_6h,kp_kp,kp_kp_delta_1h,kp_kp_delta_3h,kp_kp_delta_6h,kp_kp_ge5_flag,kp_kp_entered_storm,kp_kp_max_6h,kp_kp_mean_6h,kp_kp_ge5_frac_6h,kp_kp_slope_6h,sunspot_ssn,sunspot_log_ssn,sunspot_ssn_slope_27d,sunspot_ssn_anomaly_81d,sunspot_ssn_mean_1944h,sunspot_ssn_std_1944h,sunspot_ssn_trend_1296h,sunspot_ssn_anomaly_frac_1944h,cme_hours_since_last_cme,cme_last_cme_v_med,cme_effective_width,cme_cme_overtaking_flag,cme_cme_influence_exp,cme_last_cme_shock_proxy,cme_min_hours_since_last_cme_6h,cme_max_last_cme_v_med_12h,cme_mean_cme_influence_exp_12h,cme_max_last_cme_shock_proxy_6h,imf_solar_wind_density,imf_solar_wind_speed,imf_solar_wind_temperature,imf_solar_wind_density_source_id,imf_solar_wind_speed_source_id,imf_solar_wind_temperature_source_id,imf_solar_wind_bx_gse,imf_solar_wind_by_gse,imf_solar_wind_bz_gse,imf_solar_wind_bt,imf_solar_wind_bx_gse_source_id,imf_solar_wind_by_gse_source_id,imf_solar_wind_bz_gse_source_id,imf_solar_wind_bt_source_id,imf_solar_wind_bx_gse_missing_flag,imf_solar_wind_by_gse_missing_flag,imf_solar_wind_bz_gse_missing_flag,imf_solar_wind_bt_missing_flag,imf_solar_wind_speed_missing_flag,imf_solar_wind_density_missing_flag,imf_solar_wind_temperature_missing_flag,imf_solar_wind_clock_angle,imf_solar_wind_newell_dphi_dt,imf_solar_wind_ey,imf_solar_wind_dynamic_pressure,imf_solar_wind_delta_bz,imf_solar_wind_bz_min_6h,imf_solar_wind_bz_south_frac_6h,imf_solar_wind_newell_int_6h,imf_solar_wind_ey_mean_6h,imf_solar_wind_pdyn_max_6h,radio_flux_f107,radio_flux_log_f107,radio_flux_df107_24h,radio_flux_f107_anomaly_27d,radio_flux_f107_mean_24h,radio_flux_f107_delta_24h,radio_flux_f107_std_72h,radio_flux_log_f107_mean_24h,radio_flux_f107_anomaly_72h
dst_dst,1.0,0.16460389358784655,0.2540488928594107,0.33331057853903373,-0.5276334054451335,-0.46315902666646636,0.9427255829392956,0.935659275306571,0.29856204438505934,-0.5256286330730277,-0.5134128702988595,0.09397565229589229,0.13469684768569054,0.14064696467971913,-0.3753713322097663,-0.050026103856092484,-0.5820339182620129,-0.6137310427768251,-0.5133619804470263,0.13800885910568247,-0.1587489969809613,-0.16109459414120159,-0.032869370414214255,,-0.16594886380573093,-0.20092485801356896,-0.018476660456124987,-0.038023821166760556,0.0753953557402728,-0.012599502239460094,0.0028133170115474692,-0.029081636965971363,-0.0854931594760613,0.012865532546998097,0.07863499676974528,-0.010310628135258019,-0.09328160972496341,0.015162530614768965,-0.17980321589958717,-0.3636185638004781,-0.24465843301000015,-0.17492577226657036,0.030089111658696453,-0.16982895902972464,0.032293417040483476,-0.028763437769849052,0.03239141819596396,-0.2882739070035259,-0.0006125759355342514,-0.0006125759355342514,-0.0006125759355342514,-0.0009826562292793296,0.0005328856540079226,0.0005328856540079226,0.0005328856540079226,0.0028702823678436306,-0.05879250814103252,0.19140794209723466,0.18834236430198684,-0.02596789247702431,-0.03845884093482686,-0.03558005089238494,-0.15491289992241078,-0.003116428552929927,0.0374990087736946,-0.024344168005745678,-0.0031739850660632844,-0.06086058808375576,-0.20414277291958174,-0.19165194330047833,-0.19487473322663956,0.02088206239645994,,-0.20037686419182862,0.020882062396459945,-0.15959688480155293,-0.19929867013882802,0.03645116960478095
dst_dst_delta_1h,0.16460389358784655,1.0,0.5345701389938435,0.3780879771192061,-0.16199821535717288,0.17029989540763626,-0.015835973427282758,-0.07373947230004244,0.24376750940401185,0.05177234934860861,-0.09895221092133692,0.0065032001230809116,-0.05464575959002003,-0.10944057552615921,-0.09262082226062723,-0.007150979583842536,-0.05959359474036831,-0.07437041776937584,-0.07586150527960821,-0.10436524527868549,-0.0007537255509161648,-0.0006441898798199837,-0.0008289480039021034,,-1.153519831188977e-05,-5.238160591939968e-06,-0.0004933605079380683,9.983877160921202e-05,0.0012413649044871419,0.0003991078098038746,0.000329545532868679,0.0002680201153788551,-0.0006850353357615418,0.0004329322988616018,0.0003418752018052794,0.00019761093612045513,-0.0010522249213794658,0.0003021652775527013,-0.004654974105384847,-0.0034779570969881457,-0.0241065735729063,-0.0030154774212939714,0.005317444835629358,-0.0026743654222724255,0.0027618537461999966,-0.0013063311797354403,0.006350708200146318,-0.07594392649283853,-0.00010202920108363741,-0.00010202920108363741,-0.00010202920108363741,-0.00034095019991394024,4.164490702872449e-05,4.164490702872449e-05,4.164490702872449e-05,0.0014661507015993472,-0.009069815199793793,0.0033935736905621595,0.0032508331839284804,-0.0018339256054796089,-0.003222733870236705,-0.0053934469086861165,-0.022028712462832955,-0.0011020049573621277,0.013209471050951273,-0.006943949325516272,-0.00035381525295117184,-0.01525676673403832,-0.048136827419824946,-0.0017352317116184127,-0.0012047257830489653,-0.0038425455075527296,,-0.0010750437775009264,-0.0038425455075527274,-0.002954850089977396,-0.0008443855857061014,-0.0033071191097838975
dst_dst_delta_3h,0.2540488928594107,0.5345701389938435,1.0,0.6559951236333679,-0.1837953444472048,0.07509793907244286,0.025310820973771575,-0.07158266643185769,0.742021586974766,0.05529537847980692,-0.16794501573515672,0.04543582449382906,-0.008263277438272347,-0.14660779896072923,-0.16543991766888821,-0.00955436311568191,-0.13409631067519256,-0.16172284559959424,-0.17003578594186308,-0.11241545152032499,-0.001283954002285912,-0.0011714261231709007,-0.0015602625292188527,,-1.903373639737136e-05,-8.511536356606844e-06,-0.0011276034189703912,0.00019309319051650982,0.0003744147506853167,0.0005509175146087012,0.0008583992430636409,0.0003197615621679456,-0.00038077949871128346,0.0012091158207490345,0.0004008455671021955,0.0005889670700466652,-0.0019770210233693627,0.0010841432283870695,-0.010555422591012897,-0.010308313698834573,-0.04836568354709295,-0.007398249602761184,0.009002610985339618,-0.005908065916957787,0.005908226916652315,-0.004274331543528739,0.018215478245582083,-0.13136010490355796,-8.397673354730238e-05,-8.397673354730238e-05,-8.397673354730238e-05,-0.0003900662933832482,2.9206857036487197e-05,2.9206857036487197e-05,2.9206857036487197e-05,0.0028879098672034624,-0.01648686930284242,0.00810147867702024,0.006943440218683648,-0.002721349454230886,-0.009853859269582817,-0.017644939059422056,-0.045608224418165,0.0028816907301023554,0.026303291318221872,-0.013936729183979465,-0.0007030634117697214,-0.03185968206665445,-0.08048472629744365,-0.0030458536719130285,-0.002115923224852336,-0.005351127573773682,,-0.0021484008668425916,-0.005351127573773687,-0.005817087615150733,-0.0016793622698502305,-0.005230367287935991
dst_dst_delta_6h,0.33331057853903373,0.3780879771192061,0.6559951236333679,1.0,-0.19358702941536834,0.016985547520524755,0.13034665849710028,0.058110038232497795,0.8430145499892199,-0.02417832016036635,-0.21034239613809583,0.0677101203515875,0.06804172979555818,-0.058240047867304606,-0.21122181208801263,-0.01297240472614949,-0.2165359865305016,-0.24681445104411692,-0.26467792045832306,-0.002210128176902912,-0.0019520587092137238,-0.0013788677069723368,-0.002248061641538322,,-2.828521067511366e-05,-1.8832585292520666e-05,-0.0025335158599859454,0.00028481963491207535,7.173673496983999e-05,0.0006087440476766012,0.001480698154678446,0.0005286798475481832,-0.00047024124148394817,0.0013731812668140795,0.0006368154347796643,0.0009672636522856787,-0.002552581540713546,0.0012181897918725193,-0.01621350737747761,-0.02369403179241278,-0.0713103739003386,-0.012109052226733414,0.011296015426599831,-0.00996400816317158,0.010268894736087112,-0.0054630758557531875,0.02782460587060814,-0.17474432285423674,1.1506615647502743e-05,1.1506615647502743e-05,1.1506615647502743e-05,-0.000500492890285829,-2.6396235123876253e-05,-2.6396235123876253e-05,-2.6396235123876253e-05,0.004691886074881913,-0.02138345590093974,0.012904356271730902,0.011464388532221625,-0.0032350208902242688,-0.014269153769565605,-0.02722021128704289,-0.06808616021144794,0.0008759639553058399,0.03286797126149379,-0.015393469546925042,-0.0007758020734337569,-0.04196352246857207,-0.09796088966959099,-0.005495569611506951,-0.003732328245501878,-0.01018250576696572,,-0.0035410640838017863,-0.010182505766965723,-0.009888377779554822,-0.002694824212385484,-0.010539398319019145
dst_dst_negative_flag,-0.5276334054451335,-0.16199821535717288,-0.1837953444472048,-0.19358702941536834,1.0,0.14542550916513028,-0.43512127388704513,-0.4733808170452038,-0.1759464595768926,0.8091441863982406,0.21656444380153295,-0.06680818909886503,-0.10108948656096595,-0.12013944402025657,0.06489155416722331,0.01540385203784654,0.26529841013176425,0.2822306485090921,0.09304884590721793,-0.11180752140499127,0.03434215394059935,0.0525019853729071,-0.01715122238004033,,0.04562186435868859,0.06318723840023453,-0.014661813126050235,0.019326158656616493,-0.010879973429945854,0.0036569864134942715,-0.014229320412498095,-0.004682069577455097,0.017443053934001165,-0.000894703946176267,-0.012825618720362137,0.002434266709595141,0.020288681068077637,-0.0026105226506147306,0.17013234281436476,0.29200982038816486,0.20030023677408923,0.17241603706201342,-0.0034366346177734184,0.1977490132011851,-0.022785392099127815,0.019795451732947618,-0.020960330641443207,0.004248158538714853,0.013370914328093985,0.013370914328093985,0.013370914328093985,0.013510464063707189,-0.013200970556664951,-0.013200970556664951,-0.013200970556664951,9.765855357113193e-05,0.027426749893652097,-0.18579770632821438,-0.21563604354467955,0.02032835733987031,0.030591415988239327,0.019094353486474275,0.022301819450240727,0.00038382849659900623,-0.025716200526183272,0.030160128680164294,0.015232067603002964,0.0334575974601308,0.0343346928966407,0.05461605442050538,0.05780310805764983,-0.013400940288014255,,0.05767952156599028,-0.013400940288014255,0.047113411428071135,0.05963426428020729,-0.015356653653276238
dst_dst_recovery_flag,-0.46315902666646636,0.17029989540763626,0.07509793907244286,0.016985547520524755,0.14542550916513028,1.0,-0.4978287879692994,-0.5175737972576194,-0.00322653405338994,0.16065427533034335,0.2415525682470833,-0.05083157505228648,-0.10003521724865802,-0.13226472422118998,0.14069051191055956,0.033128130217884105,0.3016997819847416,0.30934885954559294,0.2410926733510126,-0.12632053615930416,0.11511304858780139,0.11189636291240253,0.028444153857955456,,0.12239022801987207,0.14100049455810937,0.015415172357584613,0.02494795942240811,-0.05363113977684119,0.010665138077288689,-5.433393878687404e-05,0.02021994362542195,0.05998513895074206,-0.008274516597332878,-0.056414550482065985,0.008052702516104989,0.06485874184819773,-0.009422847126871246,0.0802601063434323,0.18275780199219235,0.12545340147800274,0.07473091845648372,-0.013152959871303696,0.06750847354652811,-0.017536225256043262,0.01780628727130059,-0.00740368093003941,0.155088562885522,-0.006981425083999016,-0.006981425083999016,-0.006981425083999016,-0.006403631667083341,0.007027899669468327,0.007027899669468327,0.007027899669468327,-0.003866474276654543,0.014896381663250748,-0.08433258175703427,-0.07796118571397946,0.010226126287543942,0.013223540107591435,0.010758382932075624,0.10172492850402295,0.002002714159933832,-0.010389162836851392,0.003320681642263112,-0.005647596591521858,0.019507482013628823,0.1221701471490222,0.13072582927468918,0.13423334197746697,-0.011036489019720312,,0.13575678709085484,-0.01103648901972031,0.10362371873098261,0.13680902549137117,-0.023314874405979385
dst_dst_min_6h,0.9427255829392956,-0.015835973427282758,0.025310820973771575,0.13034665849710028,-0.43512127388704513,-0.4978287879692994,1.0,0.9704128105472195,0.08527940782548166,-0.5036505587559228,-0.5318184508897345,0.08295105336792849,0.13837273100895991,0.1710179472532172,-0.3836514009316265,-0.05617490595212965,-0.6155970478065933,-0.6374930069751051,-0.5299510718917703,0.1634626405649099,-0.18115401246236895,-0.1822525334639056,-0.04043959378031384,,-0.18778516137848145,-0.22612428863568135,-0.02405187698082138,-0.041586541780627616,0.08781070471937591,-0.011373373566954692,-0.0014153834548204537,-0.0333882999639322,-0.0984098354060988,0.017904832317286033,0.09102190095723715,-0.008744293021243207,-0.10648796146514837,0.020407858587882324,-0.19089334855766452,-0.3791880085408474,-0.2545510432088784,-0.1822263530703231,0.031148246029008002,-0.1787667304174779,0.028351531898130635,-0.027025159769639026,0.026831797098002836,-0.336923885732938,0.0006314851866958959,0.0006314851866958959,0.0006314851866958959,0.00024704799431247705,-0.000706095808583511,-0.000706095808583511,-0.000706095808583511,0.00242170763986353,-0.05956775653394531,0.1997792268696912,0.1986139835587874,-0.023876875182624255,-0.03684941148236343,-0.03029997116003008,-0.2008102357386217,-0.003577682764105067,0.033841825068938444,-0.018687084648136627,-0.0018001161304064272,-0.05113238017345863,-0.2502587102135567,-0.21676033973550252,-0.22023796860821604,0.022592973801008207,,-0.22633966642953474,0.022592973801008203,-0.175223389702375,-0.22502565493232057,0.038523098947137624
dst_dst_mean_6h,0.935659275306571,-0.07373947230004244,-0.07158266643185769,0.058110038232497795,-0.4733808170452038,-0.5175737972576194,0.9704128105472195,1.0,-7.086858422265212e-06,-0.5678797557920724,-0.46603144909777766,0.0767968534504145,0.1396923603304073,0.20025243231884743,-0.32279578598557096,-0.0468653342206062,-0.5492482501749469,-0.5704630884052125,-0.46157897803252956,0.1816558301891053,-0.16550184392523531,-0.16803620463352217,-0.0336999486286151,,-0.17360111338222706,-0.2101958896037312,-0.018755363004635785,-0.039864406396887715,0.0789481415493824,-0.013441226952730536,0.002537564178246427,-0.03058797774351672,-0.08937194671346907,0.012956400910377915,0.08215981785434938,-0.011080702894959521,-0.09675752277969624,0.0153985113054179,-0.1834948064129091,-0.3752710945538043,-0.23460235600800722,-0.17964588182888022,0.02768865784007081,-0.17494206398509746,0.030979381582582673,-0.02831687393077162,0.025993336360020103,-0.24497479828953472,-0.0006181219048761117,-0.0006181219048761117,-0.0006181219048761117,-0.0008541155744566649,0.0005472331841027971,0.0005472331841027971,0.0005472331841027971,0.0016057080429474034,-0.0545015400810969,0.1966860867014087,0.19392983287636403,-0.026190485405715003,-0.03615999089900826,-0.029613896362071453,-0.1420922702383623,-0.004167406574330162,0.028369204381789477,-0.019908762838776465,-0.003036851199734851,-0.05036995637870367,-0.17980294456480378,-0.1990372960921441,-0.202874691658191,0.024719542777714112,,-0.2086542624616174,0.02471954277771412,-0.16429959113430756,-0.20774502665088004,0.040812488901239154
dst_dst_slope_6h,0.29856204438505934,0.24376750940401185,0.742021586974766,0.8430145499892199,-0.1759464595768926,-0.00322653405338994,0.08527940782548166,-7.086858422265212e-06,1.0,0.014366185731559473,-0.19357842991992424,0.07706444328413117,0.06125330079364131,-0.09550354801288859,-0.1930014461555776,-0.009872513481415005,-0.18742069624078153,-0.22246746231800693,-0.2371279990770655,-0.033775042554475165,-0.0016736626171813106,-0.0013716148630520044,-0.002039421912270004,,-2.211951178481372e-05,-1.1293665146938643e-05,-0.002055037568970901,0.00025481288701037193,-0.001003418731869405,0.0007432573199006266,0.001271067844145492,0.0004990532089225453,0.00027577954351396845,0.001504344010301995,0.00010718753968735254,0.0009597131973689279,-0.002323658372448901,0.001383616736722985,-0.0143268029320085,-0.018637895145759416,-0.06450906090499936,-0.010909298279467577,0.010131510203497004,-0.008678394180892746,0.009232163040614798,-0.005273329825412422,0.02539939243848912,-0.158164709178155,1.7313376180050053e-06,1.7313376180050053e-06,1.7313376180050053e-06,-0.0004324583429313047,-1.4221092857460184e-05,-1.4221092857460184e-05,-1.4221092857460184e-05,0.004609451937989248,-0.019640170771039203,0.011276764326885066,0.009709139864127051,-0.0024831080074422286,-0.013020103647227593,-0.025007164200436298,-0.06050585924310519,0.002336360825405834,0.03047214604535538,-0.014970687706265202,-0.0007667205077037582,-0.038449031733742596,-0.08961999255818583,-0.004620879053793353,-0.00308177101187343,-0.009281406239985338,,-0.0030089104682730697,-0.009281406239985338,-0.00831563530253341,-0.002309858452480868,-0.008727599949180641
dst_dst_neg_frac_6h,-0.5256286330730277,0.05177234934860861,0.05529537847980692,-0.02417832016036635,0.8091441863982406,0.16065427533034335,-0.5036505587559228,-0.5678797557920724,0.014366185731559473,1.0,0.20845658785556495,-0.05079524448959837,-0.10076411758443574,-0.15817015499772297,0.05874654650440245,0.011496330514001717,0.2650568354695069,0.2765459750285952,0.08968426800118336,-0.13909142570807304,0.039934706899955166,0.06110363939402055,-0.020619210882853498,,0.05389337664554013,0.07458367511321476,-0.01801149608853554,0.02279210215047401,-0.011230901704964446,0.0035549250129861165,-0.016661011573913323,-0.0060257150905145135,0.019393195002074214,-0.001544958550835528,-0.013528642170241597,0.0024539576699156023,0.02306977596503567,-0.0033371015149468116,0.19007459454202008,0.328840149479494,0.21136758762124852,0.1930901221213722,-0.003431849852753357,0.22228074558942978,-0.024160390443462645,0.02041346971844837,-0.019447886248586888,-0.022167567001948215,0.015644047134684532,0.015644047134684532,0.015644047134684532,0.015421153187938757,-0.015611084317245583,-0.015611084317245583,-0.015611084317245583,0.0035606702438714124,0.03162850987226266,-0.20813630774609962,-0.24261749340028374,0.023904199230380053,0.033486017065497656,0.018122149481247348,0.020216455274317886,0.002927110349576222,-0.02262498370599299,0.029972416087592327,0.017636213762143017,0.03101010652740665,0.020690898213724496,0.06399923018754344,0.06790960107756526,-0.01536413280197096,,0.06757153646882962,-0.015364132801970952,0.05472012409109624,0.07003297326028037,-0.018935995772519
kp_kp,-0.5134128702988595,-0.09895221092133692,-0.16794501573515672,-0.21034239613809583,0.21656444380153295,0.2415525682470833,-0.5318184508897345,-0.46603144909777766,-0.19357842991992424,0.20845658785556495,1.0,0.17736982635558504,0.30721355098329656,0.3906784043291137,0.4995562302678503,0.17639610161500976,0.9014260223710535,0.9096043933766932,0.5077036983906669,0.3523805161252768,0.185143650454165,0.1986881090630165,0.028172867105385125,,0.2080329563698965,0.26816440659032964,0.003891289415498187,0.014996537556624716,-0.08154429509099512,0.0369334808293432,0.011484380598141889,0.021490726192170313,0.09301750559699466,-0.01036708418268733,-0.08486373681728492,0.03157410485202842,0.10283067468662167,-0.014207912853773454,0.32135660111742426,0.5262823697763317,0.4863995800911803,0.29145236936887664,0.015653427724459257,0.27722323220303785,-0.035314024145485776,0.03619887023539962,-0.049145724198500364,0.5635396333664835,0.020263885053976312,0.020263885053976312,0.020263885053976312,0.02070660863464907,-0.02034362022937442,-0.02034362022937442,-0.02034362022937442,-0.004703379149461791,0.01008178351839627,-0.31024698267329015,-0.297545796826757,0.035001061560508674,0.08078568880351611,0.052099638264001435,0.5485176789364525,0.0092746164123186,-0.08171813262814799,0.05096010982351993,0.024578669426424674,0.06997722844883736,0.5854715296744767,0.20253408919732604,0.21533029594402456,0.004334190495808257,,0.2060649583922998,0.0043341904958082555,0.1572093391007994,0.21602486492011477,0.0024072823706857145
kp_kp_delta_1h,0.09397565229589229,0.0065032001230809116,0.04543582449382906,0.0677101203515875,-0.06680818909886503,-0.05083157505228648,0.08295105336792849,0.0767968534504145,0.07706444328413117,-0.05079524448959837,0.17736982635558504,1.0,0.5773502691788108,0.3670901784254294,0.08902131624627675,0.22530471511855305,-0.018860824065330604,-0.1017501733354978,-0.05585894058543602,0.2295085205587401,-0.0002040262426866654,-9.086092812751598e-05,0.0001815670336641051,,4.653041293528583e-05,-4.218833822833564e-06,-0.0002905662247290942,-3.148728221393839e-05,-0.0015953139800207608,-0.00039977584999919234,0.0003007269410248125,3.665697530344081e-05,0.0020770230361963943,-0.0004266509187710011,-0.0023830150005573806,-0.00012637493105272643,0.0013131003311904544,-0.00045931014302980365,-0.001350671097658152,-0.027987164773144425,-0.012801843875335858,-0.005448655613455185,-0.0002950192113797436,-0.006888681531431079,0.0027327758873272497,-0.0026810109184628493,-0.023471511958952265,0.04277656543184471,-0.00025497695360444434,-0.00025497695360444434,-0.00025497695360444434,-0.0005896876517121761,0.00033952510814113843,0.00033952510814113843,0.00033952510814113843,0.0008243667061412065,0.0005414639954300351,0.00621566526492883,0.00818555043325597,0.0002021198236157964,0.01408659903905579,0.02308518329314096,0.04288872802763692,-0.0048305914245704955,-0.0022846591171333842,0.00022542390945131578,-0.00017558462390516687,-0.0007179944270651728,0.007414667025273972,-0.0008350130236203802,-0.00037781842826458106,-0.0036203026850291334,,-0.00020686480564606217,-0.003620302685029133,-0.0007659509539895623,-8.604511186720116e-05,-0.00244136699364547
kp_kp_delta_3h,0.13469684768569054,-0.05464575959002003,-0.008263277438272347,0.06804172979555818,-0.10108948656096595,-0.10003521724865802,0.13837273100895991,0.1396923603304073,0.06125330079364131,-0.10076411758443574,0.30721355098329656,0.5773502691788108,1.0,0.6358188400042739,0.1541894426980963,0.13007939515041336,-0.02021369657269357,-0.08812212990454504,-0.04542007005095589,0.7454212725000632,-0.0003533838184172956,-0.00015737574394266235,0.0003144833272916885,,8.053490583176761e-05,-4.321201913479282e-06,-0.0005032754642036885,-4.7330543570455664e-05,-0.0005249604540826245,-0.0007284254379535773,0.0010318763836372306,9.159629244818231e-05,0.0015603594403158674,-0.0004167814176285523,-0.0016828116323582324,-0.0004670592725260904,0.0024902925595763114,-0.0006266467468538522,0.001333141838591702,-0.0377735958553121,-0.0034848594739056733,-0.006987065769164654,-0.0004970878991804993,-0.007952905015897866,0.0028368885481500424,-0.0012598804354328123,-0.029294874495646717,0.09673679691219274,-0.0005556634947445249,-0.0005556634947445249,-0.0005556634947445249,-0.0008754287103971531,0.0005553549571839724,0.0005553549571839724,0.0005553549571839724,0.0007930363847296187,0.0008653801044744454,0.007889355395419937,0.00891078530512212,0.0018440924785243014,0.017993741648121144,0.0290376612254489,0.0917940949038792,0.00799201113183533,-0.013893124768412982,0.007432728754008,0.00013797606691650423,0.012240740027340455,0.04171728531829508,8.442475461875171e-05,6.638005328555887e-05,-0.0002073960672078184,,-0.00035047821255668524,-0.00020739606720782008,-0.0012501948413961303,-0.00014286869945684795,0.0009239130515199946
kp_kp_delta_6h,0.14064696467971913,-0.10944057552615921,-0.14660779896072923,-0.058240047867304606,-0.12013944402025657,-0.13226472422118998,0.1710179472532172,0.20025243231884743,-0.09550354801288859,-0.15817015499772297,0.3906784043291137,0.3670901784254294,0.6358188400042739,1.0,0.211014763474361,0.11878334553414334,0.07448775099366496,0.06929574788795409,0.04896073200226688,0.8502105627782647,-0.00010162691469215664,3.815143684925999e-05,0.00197195629287117,,0.0001260782717481132,-5.981849097979086e-07,0.00017669649988153238,-6.187595043490687e-05,0.0023693530448357434,-0.001264526486569955,0.0023371467462416666,0.0003535900123278827,-0.0005798246377873487,-0.0007185266525479727,0.0012207017489371758,-0.0011676228889710507,0.003632714159150831,-0.001245242527130403,0.004686425746681803,-0.045255258398343746,0.019210910262988424,-0.008932457493191834,-0.0019342783442284365,-0.008366407083636044,0.0016129695427659744,-0.0009908370278910944,-0.027903466669495523,0.1693776703067282,-0.0008203258877321486,-0.0008203258877321486,-0.0008203258877321486,-0.0012217008891510423,0.0007044896267793922,0.0007044896267793922,0.0007044896267793922,0.00087132885881272,0.0031025582351172157,0.009595327556092775,0.009089741119643448,0.001761845227982407,0.018000168557896653,0.027797348748091078,0.15159814075595168,0.009527192273505349,-0.032441033200967494,0.017052106710411494,0.000526343818020663,0.03126924465279746,0.11285472337662239,0.0017358564932043387,0.0009677808705827613,0.005785008799689767,,-0.0002709401304361136,0.005785008799689767,-0.0017753308477374905,-8.769790631205059e-05,0.006687364363991115
kp_kp_ge5_flag,-0.3753713322097663,-0.09262082226062723,-0.16543991766888821,-0.21122181208801263,0.06489155416722331,0.14069051191055956,-0.3836514009316265,-0.32279578598557096,-0.1930014461555776,0.05874654650440245,0.4995562302678503,0.08902131624627675,0.1541894426980963,0.211014763474361,1.0,0.387157583575722,0.4530196589925676,0.4519669948000184,0.778280496117746,0.18629133058623465,0.07617366168126022,0.07727258198037139,0.036039853887487476,,0.0745040608375011,0.10702425432148864,0.023529949657858203,0.003633956295630318,-0.04461694406977051,0.031048030392665,0.00274233835413342,0.013686893937556307,0.0496821327819346,0.0049608235713150635,-0.04589595277961279,0.02963816058822997,0.054172633133656924,0.003444610195287868,0.07988833650012754,0.17589081334582551,0.18423868289741765,0.06589296248611885,-0.0258199566010297,0.048084811091214034,-0.01795736063581479,0.03167511185539004,-0.02778536054347857,0.3958937012521332,-0.00022667787415692124,-0.00022667787415692124,-0.00022667787415692124,0.00015477096916748648,0.0002632951340603424,0.0002632951340603424,0.0002632951340603424,-0.002787990135547635,0.050140792951331475,-0.07143344707045429,-0.05192454785313693,0.01713605337899662,0.03518898747808361,0.03501984354647249,0.2717363486032697,0.011500905519633139,-0.03985287078232566,0.012944267089623845,0.0011261816634284942,0.053108484872289766,0.2946706593390585,0.09484632532358657,0.09315046324592653,-0.0022853172995311332,,0.09728448355225852,-0.002285317299531132,0.1230056483725902,0.0943678008315627,-0.0112637260989761
kp_kp_entered_storm,-0.050026103856092484,-0.007150979583842536,-0.00955436311568191,-0.01297240472614949,0.01540385203784654,0.033128130217884105,-0.05617490595212965,-0.0468653342206062,-0.009872513481415005,0.011496330514001717,0.17639610161500976,0.22530471511855305,0.13007939515041336,0.11878334553414334,0.387157583575722,1.0,0.14968654088118075,0.11226724961461568,0.0882929537947307,0.09377390670131629,0.021477653827218373,0.024371427323308742,0.007520030612914337,,0.02385655581617643,0.03550480859167,0.002085734427528139,0.0009882652272687348,-0.013554798031197695,0.009125275189046,0.00043593674756209284,0.0012877404254730462,0.015492754740575876,0.002380364130230427,-0.014023226786138668,0.008063800980650689,0.016720354919964937,0.0015288992139292443,0.033532377403447285,0.05817186644825042,0.07004109815406069,0.028129080119972994,0.0017747733927078882,0.022906684149737813,-0.0056897541174213695,0.00900650413572493,-0.019957804406015262,0.11674616416719416,0.003834356477117119,0.003834356477117119,0.003834356477117119,0.00395333620782159,-0.003817645854399835,-0.003817645854399835,-0.003817645854399835,-0.001079391523911552,0.003560401384299159,-0.029519420314728307,-0.02325611596901101,0.008554123594211963,0.021291780108234164,0.022311660210791937,0.10358705695320365,0.0055301829087086125,-0.01998884706733886,0.00959672951600021,0.004451312424036159,0.018491712533486408,0.09961065712238765,0.02381780222737151,0.025413792732315792,-0.004011493848417063,,0.02465186893219421,-0.004011493848417064,0.031448226443944446,0.02558071371267164,-0.004429028410034395
kp_kp_max_6h,-0.5820339182620129,-0.05959359474036831,-0.13409631067519256,-0.2165359865305016,0.26529841013176425,0.3016997819847416,-0.6155970478065933,-0.5492482501749469,-0.18742069624078153,0.2650568354695069,0.9014260223710535,-0.018860824065330604,-0.02021369657269357,0.07448775099366496,0.4530196589925676,0.14968654088118075,1.0,0.9644523454463502,0.537545595828329,0.00818478754566258,0.19695606148237116,0.21229790326232437,0.03051810731547867,,0.22002147863224938,0.28200329119772505,0.006517747922096008,0.017888332767264974,-0.08865929155220363,0.034044350611797246,0.011302312981936867,0.021260344778375552,0.10031318238641733,-0.014544021482277935,-0.09168202893030471,0.028263658374973737,0.10940813462488318,-0.018555667232160598,0.3411065716891872,0.5618017563727018,0.5043976556269925,0.31260551116929153,0.01900553714792927,0.30288732319967443,-0.0361290862700855,0.03541683768032935,-0.03663917680788412,0.5631501642069628,0.021987865330690463,0.021987865330690463,0.021987865330690463,0.02282931803847284,-0.022064660165472687,-0.022064660165472687,-0.022064660165472687,-0.0072176381804557235,0.006812943873629382,-0.33292280909283983,-0.32565968605650136,0.03391602257036761,0.07439555048982509,0.039527765770489366,0.5352303372631128,0.0053661145185606475,-0.07568173388340584,0.0468611437459543,0.02596022936150046,0.05996890156630457,0.596691192635642,0.21465530868498073,0.22892170260642575,0.001987226325055116,,0.2192757317241276,0.001987226325055118,0.1693673811904907,0.23011123270332515,-0.003323245512678855
kp_kp_mean_6h,-0.6137310427768251,-0.07437041776937584,-0.16172284559959424,-0.24681445104411692,0.2822306485090921,0.30934885954559294,-0.6374930069751051,-0.5704630884052125,-0.22246746231800693,0.2765459750285952,0.9096043933766932,-0.1017501733354978,-0.08812212990454504,0.06929574788795409,0.4519669948000184,0.11226724961461568,0.9644523454463502,1.0,0.5557820824275767,-1.396947776704169e-06,0.19715725793930852,0.21148755705426076,0.02960524405404723,,0.22134233468558898,0.2853791596711155,0.004281107162489612,0.015984366867952692,-0.08678320456726618,0.03972364705096933,0.011542209171716144,0.02278271249363003,0.09837410310126368,-0.010793954631291262,-0.08966701380707064,0.03388492847359727,0.10809387450183772,-0.014774648745898641,0.34118296644491314,0.5796847550728197,0.5177905937379228,0.3139444497869408,0.01704599268414781,0.29916138386445545,-0.039019973008837965,0.03906693033514711,-0.03786315714568117,0.546087567925304,0.02185994702925462,0.02185994702925462,0.02185994702925462,0.02252126390930808,-0.02194108123179579,-0.02194108123179579,-0.02194108123179579,-0.005437168995085571,0.01007367984240321,-0.33434734002478106,-0.3212733995719322,0.03651975204624357,0.07700821245281929,0.04113158631991988,0.5335129450151045,0.006407552465242739,-0.0784703826144094,0.04974258173155097,0.02605702618926663,0.06680030066048644,0.5965450208650843,0.21529166554445953,0.22902643492347038,0.004092323411183385,,0.21945343520110813,0.0040923234111833766,0.16795089481811484,0.22995552600689725,0.0014103700982923868
kp_kp_ge5_frac_6h,-0.5133619804470263,-0.07586150527960821,-0.17003578594186308,-0.26467792045832306,0.09304884590721793,0.2410926733510126,-0.5299510718917703,-0.46157897803252956,-0.2371279990770655,0.08968426800118336,0.5077036983906669,-0.05585894058543602,-0.04542007005095589,0.04896073200226688,0.778280496117746,0.0882929537947307,0.537545595828329,0.5557820824275767,1.0,0.007597478939804769,0.08961802289235687,0.09109162260113567,0.04155559231782611,,0.0880540499481176,0.12654257854737158,0.027618623647898428,0.004380429015411416,-0.05463921144678841,0.037048141221321135,0.002935208106837174,0.016043476516894997,0.05948318340476686,0.005963075513778417,-0.0553159642961155,0.03533093955210682,0.0640191024838336,0.004587955095826784,0.0910015708942396,0.22052692154144876,0.20955594544179248,0.0780163945429212,-0.02978960203403496,0.057918722328676134,-0.020282585774159593,0.03468618869788878,-0.019623756184886227,0.4177503786263091,-0.00026789138065837025,-0.00026789138065837025,-0.00026789138065837025,0.00018291069991038558,0.0003111662187869547,0.0003111662187869547,0.0003111662187869547,-0.0032948894083844106,0.057153588854811775,-0.08435858016396428,-0.06281749926537102,0.01770307289228914,0.03268581534259555,0.026540880878024125,0.2837173565243111,0.006456600548570771,-0.03956407003575999,0.01205818839191471,0.001228346474080504,0.0510266505170927,0.3339278209309311,0.11045699078094919,0.10912482328698778,-0.005022673046043548,,0.11480030244900402,-0.0050226730460435475,0.145201367319916,0.11130804040620858,-0.018419514467398226
kp_kp_slope_6h,0.13800885910568247,-0.10436524527868549,-0.11241545152032499,-0.002210128176902912,-0.11180752140499127,-0.12632053615930416,0.1634626405649099,0.1816558301891053,-0.033775042554475165,-0.13909142570807304,0.3523805161252768,0.2295085205587401,0.7454212725000632,0.8502105627782647,0.18629133058623465,0.09377390670131629,0.00818478754566258,-1.396947776704169e-06,0.007597478939804769,1.0,-0.00018676536260157895,-3.079334889470697e-05,0.0013529767945137793,,0.00010618251518689668,-3.5113924005679122e-06,-6.143558815623968e-05,-5.69230825824826e-05,0.0012265381328941613,-0.001074350612714372,0.002214286448664709,0.00032588571520003227,0.0002990900728366862,-0.00053547371764133,-5.2895524712274153e-05,-0.0008694934379622477,0.0033314685718959535,-0.0007773200566882918,0.0036229740760673687,-0.04115008477272611,0.012201507768063181,-0.007956024904674293,-0.001424448118029305,-0.00796353315431284,0.002444813170314952,0.0006831752264941307,-0.02617019189096683,0.14398226659744284,-0.0007366995655147459,-0.0007366995655147459,-0.0007366995655147459,-0.0011377165877549233,0.0006652895435002836,0.0006652895435002836,0.0006652895435002836,0.0010347953674293764,0.0022054684413605917,0.008832677165202167,0.008550886086832576,0.0015672851613473821,0.01692357943325643,0.026059445819884647,0.13090717188836712,0.013616608936257615,-0.02769399237137431,0.015163460574578687,0.0004941879650990284,0.02720711005652854,0.08700508349891008,0.001995044821751871,0.0009557798281279351,0.006292525148469786,,-0.00031354268760171725,0.0062925251484697835,-0.001453051495166439,-0.00011973963601367001,0.007506926376534723
sunspot_ssn,-0.1587489969809613,-0.0007537255509161648,-0.001283954002285912,-0.0019520587092137238,0.03434215394059935,0.11511304858780139,-0.18115401246236895,-0.16550184392523531,-0.0016736626171813106,0.039934706899955166,0.185143650454165,-0.0002040262426866654,-0.0003533838184172956,-0.00010162691469215664,0.07617366168126022,0.021477653827218373,0.19695606148237116,0.19715725793930852,0.08961802289235687,-0.00018676536260157895,1.0,0.7924564834284719,0.34377207335447985,,0.8354338861781906,0.7372332425958039,0.38525123538454287,0.3540183223080707,-0.3309755953827067,-0.11922970524906479,0.06380084635756944,0.004233924627687943,0.35502088784449837,-0.11720662289858771,-0.34093465199451717,-0.1145780086572081,0.3791870203985255,-0.11577800466111142,0.15015361119280446,0.02481063200014888,0.03783908625167927,0.09943634399466698,-0.10856609080966075,0.08164958896256096,0.011589918403620836,-0.013361720568166938,0.006218055114624955,0.2564902974250851,-0.10755588145497263,-0.10755588145497263,-0.10755588145497263,-0.10766653914625673,0.10766562901487323,0.10766562901487323,0.10766562901487323,0.005768165305048703,0.04392434595619353,-0.14596368972221083,-0.13844045083485285,-0.022218204471105205,-0.07988123188756668,-0.007989909696131631,0.11959403714934289,-8.44654687122495e-05,0.07149224551939222,-0.08931406821278814,-0.1078789371269451,-0.010583653690965202,0.13905896272850593,0.9033708430328574,0.9252098468251463,0.04083681113161395,,0.9163555768723007,0.040836811131613936,0.25778767245466494,0.9243071413386132,0.09065548794415312
sunspot_log_ssn,-0.16109459414120159,-0.0006441898798199837,-0.0011714261231709007,-0.0013788677069723368,0.0525019853729071,0.11189636291240253,-0.1822525334639056,-0.16803620463352217,-0.0013716148630520044,0.06110363939402055,0.1986881090630165,-9.086092812751598e-05,-0.00015737574394266235,3.815143684925999e-05,0.07727258198037139,0.024371427323308742,0.21229790326232437,0.21148755705426076,0.09109162260113567,-3.079334889470697e-05,0.7924564834284719,1.0,0.18425206771089953,,0.7424643351985231,0.7298777502148114,0.20634032570180114,0.4242523314140198,-0.3911879182534701,-0.1765553386402022,0.08507934355488844,0.06578978119764135,0.430184420811751,-0.20467023511869686,-0.40416588944808224,-0.16367096149906535,0.45947283379414783,-0.19864527647316846,0.10208715320792516,0.04150812100991241,0.07858484637291306,0.06772991100570343,-0.0627100264694215,0.1389770854979862,0.007357978858600768,-0.008375976474087594,0.0024467641834190466,0.26653863377562903,-0.053289337672333785,-0.053289337672333785,-0.053289337672333785,-0.05349596080163845,0.053336764217375314,0.053336764217375314,0.053336764217375314,0.0038141037424596954,0.03797044626661659,-0.09658527381241873,-0.1830754952803244,-0.009476366743244414,-0.04080399350843116,-0.003893009101483639,0.11267148821020309,-3.073763959663495e-05,0.0383102663044766,-0.04468075485742717,-0.053555828751112984,-0.005366579307086752,0.12445627689089962,0.7131106142680473,0.8052350707258331,0.01930357036864466,,0.7253411885924808,0.01930357036864466,0.2247972205075327,0.8059363492045062,0.04323372837492227
sunspot_ssn_slope_27d,-0.032869370414214255,-0.0008289480039021034,-0.0015602625292188527,-0.002248061641538322,-0.01715122238004033,0.028444153857955456,-0.04043959378031384,-0.0336999486286151,-0.002039421912270004,-0.020619210882853498,0.028172867105385125,0.0001815670336641051,0.0003144833272916885,0.00197195629287117,0.036039853887487476,0.007520030612914337,0.03051810731547867,0.02960524405404723,0.04155559231782611,0.0013529767945137793,0.34377207335447985,0.18425206771089953,1.0,,-0.042512109308413176,-0.017383335678195482,0.5587884601798896,-0.05388539089086256,-0.014922094304914413,-0.01527610446797286,0.0016886604414298248,-0.028958178604011002,0.012734764085393877,-0.03776790928553882,-0.01417637415388658,-0.013525311525179494,0.014955171108278952,-0.03772824351751873,-0.01812697508778798,0.02199278922066447,0.003589856261073666,-0.018451327903217348,-0.023584063131727867,-0.014245681442839678,0.012439410790865428,-0.004843384121983149,0.0014044427998947367,0.014105856501023141,-0.010846190994791595,-0.010846190994791595,-0.010846190994791595,-0.011724802028134557,0.010854701740228925,0.010854701740228925,0.010854701740228925,0.008971709936198525,0.028067328901691332,0.016661804801957378,0.011759198512910999,-0.009460406627638878,-0.0106753650091584,-0.0012661557791408822,0.0004687552180705525,-0.00011605171207248435,0.007713764398299706,-0.009669138995824755,-0.011048368729319505,-0.0021997197812104415,0.004310668407814891,0.18621741489737606,0.1581988939075385,0.05974790153154147,,0.18031571206103772,0.059747901531541456,0.11067513592282713,0.15064827664035216,0.12495716622508106
sunspot_ssn_anomaly_81d,,,,,,,,,,,,,,,,,,,,,,,,,,,,,,,,,,,,,,,,,,,,,,,,,,,,,,,,,,,,,,,,,,,,,,,,,,,,,,
